SUB = 1;

BID1 = 2;
BID2 = 3;
BID3 = 4;
BID4 = 5;
BID5 = 6;
BID6 = 7;
BID7 = 8;
BID8 = 9;
BID9 = 10;

T1 = 18;
T2 = 19;
T3 = 20;
T4 = 21;

